(* ═══════════════════════════════════════════════════════ *)
(* Refined 3D Index: m188                               *)
(* Generated by manifold-index                            *)
(* ═══════════════════════════════════════════════════════ *)

(* Manifold parameters *)
manifoldName = "m188";
nTet = 5;  (* number of tetrahedra *)
nCusp = 1;  (* number of cusps *)
nHard = 0;
nEasy = 4;
qOrderHalf = 20;

(* SnaPy gluing matrix *)
gluingMatrix = {{1, 2, 0, 1, 0, 2, 1, 0, 1, 0, 1, 1, 0, 0, 0}, {0, 0, 1, 0, 1, 0, 0, 0, 1, 0, 0, 1, 0, 2, 0}, {0, 0, 1, 0, 0, 0, 0, 1, 0, 0, 1, 0, 1, 0, 2}, {1, 0, 0, 1, 0, 0, 0, 1, 0, 1, 0, 0, 0, 0, 0}, {0, 0, 0, 0, 1, 0, 1, 0, 0, 1, 0, 0, 1, 0, 0}, {0, 0, 0, 0, 0, 0, 1, -1, 1, 0, 0, 0, 0, 1, -1}, {-1, 0, 0, 0, 0, 1, -1, 1, 0, 0, 0, 0, 0, -1, 1}};

(* Neumann-Zagier matrix *)
gNZ = {{0, 0, 2, 0, -1, 0, 0, 2, 0, -2}, {1, 1, -1, 1, 0, 0, 0, -1, 0, 0}, {0, 0, 0, 0, -4, 0, 0, 2, 2, -4}, {0, -1, 1, 1, 1, 0, -1, 0, 0, 0}, {0, -2, 0, 0, 0, 2, -2, 0, 0, 0}, {-1/2, 0, -1, 0, 1/2, 0, 1/2, -1/2, 0, 1}, {0, 0, -1, 0, 1/2, 1, 0, -1, 0, 1}, {0, 0, 0, -1/2, 0, 0, 0, 0, 0, 0}, {0, 0, 0, -1, 1/2, 0, 0, 0, 0, 1}, {0, 1/2, -1/2, 1/2, 0, 0, 0, -1/2, 0, 0}};
nuX = {0, -1, 2, -1, 0};
nuP = {0, 0, 0, 0, 0};

(* g_NZ^{-1} = gNZInvScaled / 2 *)
gNZInvScale = 2;
gNZInvScaled = {{0, 2, 0, 0, 0, 0, 0, 0, 0, -4}, {1, 0, 0, 0, 0, 0, 0, 0, 2, 4}, {-1, -2, 0, 0, -1, -4, 2, -4, 0, 0}, {0, 0, 0, 0, 0, 0, 0, -4, 0, 0}, {2, 2, 0, 2, 0, 4, 0, 8, 0, 0}, {1, 0, 0, 0, 0, 0, 2, 0, 0, 0}, {0, 0, 0, 0, -1, 0, 2, 0, -2, -4}, {2, 2, 0, 0, 1, 4, -2, 0, 2, 0}, {0, 0, 1, 2, -1, 0, 2, 0, 2, 0}, {-1, -1, 0, -1, 0, -2, 0, -8, 2, 0}};
gNZInv = gNZInvScaled / gNZInvScale;

(* ─── Refined index sectors ─── *)
Iref["m188", {-2}, {-2}] = 3 q^6 + 5 q^(13/2) + 8 q^7 + 15 q^(15/2) + 23 q^8 + 25 q^(17/2) + 24 q^9 + 20 q^(19/2) + 3 q^10;
Iref["m188", {-2}, {-3/2}] = 0;
Iref["m188", {-2}, {-1}] = q^(5/2) -q^(7/2) -4 q^4 -7 q^(9/2) -11 q^5 -13 q^(11/2) -11 q^6 -q^(13/2) + 16 q^7 + 47 q^(15/2) + 91 q^8 + 141 q^(17/2) + 194 q^9 + 245 q^(19/2) + 269 q^10;
Iref["m188", {-2}, {-1/2}] = 0;
Iref["m188", {-2}, {0}] = -q^(1/2) + q + 2 q^2 + 3 q^(5/2) + 4 q^3 -q^(7/2) -7 q^4 -16 q^(9/2) -27 q^5 -39 q^(11/2) -41 q^6 -36 q^(13/2) -16 q^7 + 33 q^(15/2) + 117 q^8 + 219 q^(17/2) + 342 q^9 + 486 q^(19/2) + 614 q^10;
Iref["m188", {-2}, {1/2}] = 0;
Iref["m188", {-2}, {1}] = q^(3/2) + q^2 + 3 q^(5/2) + 2 q^3 -q^(7/2) -8 q^4 -15 q^(9/2) -25 q^5 -34 q^(11/2) -37 q^6 -28 q^(13/2) -5 q^7 + 43 q^(15/2) + 119 q^8 + 218 q^(17/2) + 333 q^9 + 460 q^(19/2) + 564 q^10;
Iref["m188", {-2}, {3/2}] = 0;
Iref["m188", {-2}, {2}] = q -q^(5/2) -2 q^3 -4 q^(7/2) -5 q^4 -7 q^(9/2) -8 q^5 -6 q^(11/2) + 4 q^6 + 17 q^(13/2) + 36 q^7 + 68 q^(15/2) + 109 q^8 + 143 q^(17/2) + 172 q^9 + 193 q^(19/2) + 180 q^10;
Iref["m188", {-1}, {-2}] = 0;
Iref["m188", {-1}, {-3/2}] = 0;
Iref["m188", {-1}, {-1}] = 0;
Iref["m188", {-1}, {-1/2}] = 0;
Iref["m188", {-1}, {0}] = 0;
Iref["m188", {-1}, {1/2}] = 0;
Iref["m188", {-1}, {1}] = 0;
Iref["m188", {-1}, {3/2}] = 0;
Iref["m188", {-1}, {2}] = 0;
Iref["m188", {0}, {-2}] = -3 q^(7/2) -4 q^4 -5 q^(9/2) -6 q^5 -5 q^(11/2) + 2 q^6 + 11 q^(13/2) + 26 q^7 + 51 q^(15/2) + 84 q^8 + 114 q^(17/2) + 141 q^9 + 162 q^(19/2) + 156 q^10;
Iref["m188", {0}, {-3/2}] = 0;
Iref["m188", {0}, {-1}] = -q + q^(3/2) + 2 q^2 + 4 q^(5/2) + 3 q^3 + q^(7/2) -6 q^4 -16 q^(9/2) -29 q^5 -41 q^(11/2) -51 q^6 -48 q^(13/2) -24 q^7 + 25 q^(15/2) + 103 q^8 + 221 q^(17/2) + 368 q^9 + 522 q^(19/2) + 664 q^10;
Iref["m188", {0}, {-1/2}] = 0;
Iref["m188", {0}, {0}] = 1 -2 q^(1/2) -q^(3/2) + 3 q^2 + 7 q^(5/2) + 11 q^3 + 6 q^(7/2) -3 q^4 -17 q^(9/2) -37 q^5 -65 q^(11/2) -85 q^6 -94 q^(13/2) -84 q^7 -34 q^(15/2) + 74 q^8 + 225 q^(17/2) + 424 q^9 + 676 q^(19/2) + 937 q^10;
Iref["m188", {0}, {1/2}] = 0;
Iref["m188", {0}, {1}] = -q + q^(3/2) + 2 q^2 + 4 q^(5/2) + 3 q^3 + q^(7/2) -6 q^4 -16 q^(9/2) -29 q^5 -41 q^(11/2) -51 q^6 -48 q^(13/2) -24 q^7 + 25 q^(15/2) + 103 q^8 + 221 q^(17/2) + 368 q^9 + 522 q^(19/2) + 664 q^10;
Iref["m188", {0}, {3/2}] = 0;
Iref["m188", {0}, {2}] = -3 q^(7/2) -4 q^4 -5 q^(9/2) -6 q^5 -5 q^(11/2) + 2 q^6 + 11 q^(13/2) + 26 q^7 + 51 q^(15/2) + 84 q^8 + 114 q^(17/2) + 141 q^9 + 162 q^(19/2) + 156 q^10;
Iref["m188", {1}, {-2}] = 0;
Iref["m188", {1}, {-3/2}] = 0;
Iref["m188", {1}, {-1}] = 0;
Iref["m188", {1}, {-1/2}] = 0;
Iref["m188", {1}, {0}] = 0;
Iref["m188", {1}, {1/2}] = 0;
Iref["m188", {1}, {1}] = 0;
Iref["m188", {1}, {3/2}] = 0;
Iref["m188", {1}, {2}] = 0;
Iref["m188", {2}, {-2}] = q -q^(5/2) -2 q^3 -4 q^(7/2) -5 q^4 -7 q^(9/2) -8 q^5 -6 q^(11/2) + 4 q^6 + 17 q^(13/2) + 36 q^7 + 68 q^(15/2) + 109 q^8 + 143 q^(17/2) + 172 q^9 + 193 q^(19/2) + 180 q^10;
Iref["m188", {2}, {-3/2}] = 0;
Iref["m188", {2}, {-1}] = q^(3/2) + q^2 + 3 q^(5/2) + 2 q^3 -q^(7/2) -8 q^4 -15 q^(9/2) -25 q^5 -34 q^(11/2) -37 q^6 -28 q^(13/2) -5 q^7 + 43 q^(15/2) + 119 q^8 + 218 q^(17/2) + 333 q^9 + 460 q^(19/2) + 564 q^10;
Iref["m188", {2}, {-1/2}] = 0;
Iref["m188", {2}, {0}] = -q^(1/2) + q + 2 q^2 + 3 q^(5/2) + 4 q^3 -q^(7/2) -7 q^4 -16 q^(9/2) -27 q^5 -39 q^(11/2) -41 q^6 -36 q^(13/2) -16 q^7 + 33 q^(15/2) + 117 q^8 + 219 q^(17/2) + 342 q^9 + 486 q^(19/2) + 614 q^10;
Iref["m188", {2}, {1/2}] = 0;
Iref["m188", {2}, {1}] = q^(5/2) -q^(7/2) -4 q^4 -7 q^(9/2) -11 q^5 -13 q^(11/2) -11 q^6 -q^(13/2) + 16 q^7 + 47 q^(15/2) + 91 q^8 + 141 q^(17/2) + 194 q^9 + 245 q^(19/2) + 269 q^10;
Iref["m188", {2}, {3/2}] = 0;
Iref["m188", {2}, {2}] = 3 q^6 + 5 q^(13/2) + 8 q^7 + 15 q^(15/2) + 23 q^8 + 25 q^(17/2) + 24 q^9 + 20 q^(19/2) + 3 q^10;

(* Weyl symmetry vectors *)
weylA = {};
weylB = {};
adjointProjection = -1;  (* should be -1, pass=True *)

(* ─── Dehn filling results ─── *)
(* Cusp 0: slope (0,1), NC (1,0), (p,q)=(0,1) *)
IrefFilled["m188", {0, 1}, {}, {}] = q^-10 -2 q^(-19/2) + 2 q^-9 -3 q^(-17/2) + q^-8 -4 q^(-15/2) + 2 q^-7 -4 q^(-13/2) + q^-6 -4 q^(-11/2) + 4 q^-5 -4 q^(-9/2) + 4 q^-4 -3 q^(-7/2) + 8 q^-3 -3 q^(-5/2) + 10 q^-2 -q^(-3/2) + 14 q^-1 -q^(-1/2) + 18 + 21 q -q^(3/2) + 22 q^2 + 22 q^3 -4 q^(7/2) + 21 q^4 -5 q^(9/2) + 13 q^5 -10 q^(11/2) + 7 q^6 -14 q^(13/2) -8 q^7 -23 q^(15/2) -22 q^8 -30 q^(17/2) -48 q^9 -42 q^(19/2) -68 q^10;
hjCF["m188", {0, 1}] = {0};
weylAPhys["m188", {0, 1}] = {};
weylBPhys["m188", {0, 1}] = {};
